procs -----------memory---------- ---swap-- -----io---- -system-- ----cpu----
 r  b   swpd   free   buff  cache   si   so    bi    bo   in   cs us sy id wa
 1  0 449800  61295   4531  71167    1    0     6  1379    3    5 26 17 54  2
 0  1 449804  61296   4532  71168    0    1     0     8  504 1280  1  3 95  1
 1  0 449803  61295   4531  71176    1    0     1    32  497 1450  2  1 97  0
 0  0 449804  61296   4540  71176    0    0     0    40  516 1479  1  1 91  7
 0  0 449804  61296   4540  71188    0    0     0     0  491 1449  1  0 99  0
 0  0 449804  61296   4540  71188    0    0     0     0  522 1485  1  1 98  0
 0  0 449804  61296   4540  71196    0    0     0   104  534 1499  1  1 99  0
 0  0 449804  61296   4540  71200    0    0     0     0  510 1445  1  1 98  0
 0  0 449804  61296   4548  71200    0    0     0    76  504 1348  1  1 99  0
 0  0 449804  61296   4548  71216    0    0     0     0  495 1326  1  1 99  0
 0  0 449804  61296   4548  71216    0    0     0     0  510 1349  1  1 98  0
 0  0 449804  61296   4548  71224    0    0     0     0  520 1348  1  1 99  0
 0  0 449804  61296   4548  71224    0    0     0     0  530 1357  1  1 99  0
 0  1 449804  61296   4548  71232    0    0     0    32  528 1394  1  0 91  9
 0  0 449804  61296   4556  71232    0    0     0    40  512 1367  1  1 83 15
 0  0 449804  61296   4556  71240    0    0     0     0  488 1358  1  1 99  0
 0  0 449804  61296   4556  71240    0    0     0     0  520 1350  1  1 98  0
 0  0 449804  61172   4556  71368    0    0     0     0  547 1377  1  1 99  0
 0  0 449804  61172   4556  71384    0    0     0     0  507 1353  1  0 99  0
 0  0 449804  61172   4564  71376    0    0     0    68  493 1313  1  1 99  0
 0  0 449804  61172   4564  71392    0    0     0     0  486 1334  1  1 98  0
 0  0 449804  61048   4564  71392    0    0     0    36  553 1374  1  1 99  0
 0  0 449804  61048   4564  71404    0    0     0     0  495 1340  1  0 99  0
 1  0 449800  61056   4564  71408    0    0     0     0  558 1386  1  1 99  0
 0  0 449800  61048   4572  71408    0    0     0    92  528 1452  1  1 99  0
 0  0 449800  61048   4572  71416    0    0     0     0  523 1390  1  1 99  0
 0  0 449800  61048   4572  71424    0    0     0    72  527 1383  1  1 99  0
 0  0 449800  61048   4572  71432    0    0     0     0  506 1323  1  1 98  0
 0  0 449800  61048   4572  71432    0    0     0     0  521 1374  1  1 99  0
 0  2 449800  61048   4572  71440    0    0     0    40  533 1361  1  0 91  8
 0  0 449800  61048   4580  71432    0    0     0    52  495 1329  1  1 51 48
 0  0 449800  61048   4580  71448    0    0     0     0  494 1321  1  1 98  0
 0  0 449800  61048   4580  71448    0    0     0     0  535 1368  1  1 99  0
 0  0 449800  61048   4580  71456    0    0     0     0  519 1371  1  0 99  0
 0  0 449800  61048   4588  71448    0    0     0    68  516 1387  1  1 99  0
 0  0 449800  61048   4588  71464    0    0     0     0  501 1349  1  1 99  0
 0  0 449800  61048   4588  71472    0    0     0    16  513 1368  1  1 98  0
 0  0 449800  61048   4588  71476    0    0     0     0  511 1343  1  1 98  0
 0  0 449800  61048   4588  71484    0    0     0     0  563 1416  1  1 99  0
 0  0 449800  61048   4588  71484    0    0     0     0  550 1433  1  1 99  0
 0  0 449800  60924   4596  71484    0    0     0    88  536 1407  1  1 98  1
 0  0 449800  60924   4596  71492    0    0     0    72  601 1473  1  1 98  0
 0  0 449800  60924   4596  71500    0    0     0     0  540 1422  1  1 98  0
 0  0 449800  60924   4596  71500    0    0     0     0  525 1355  1  0 99  0
 0  0 449800  60924   4596  71508    0    0     0     0  497 1338  1  1 98  0
 0  0 449800  60924   4604  71512    0    0     0    88  498 1400  1  0 99  0
 0  0 449800  60924   4604  71520    0    0     0     0  498 1347  1  1 99  0
 0  0 449800  60924   4604  71528    0    0     0     0  510 1399  1  1 98  0
 2  0 449800  60924   4604  71528    0    0     0     0  564 1388  1  1 98  0
 0  0 449800  60924   4604  71536    0    0     0     0  504 1336  1  0 99  0
 0  0 449800  60924   4604  71536    0    0     0     0  530 1374  1  1 99  0
 0  0 449800  60924   4612  71536    0    0     0    88  523 1359  1  1 99  0
 0  0 449800  60924   4612  71548    0    0     0     0  539 1371  1  1 98  0
 0  0 449800  60924   4612  71556    0    0     0     0  525 1350  1  0 99  0
 0  0 449800  60924   4612  71556    0    0     0     0  542 1364  1  1 99  0
 0  0 449800  60924   4612  71564    0    0     0     0  542 1370  1  0 99  0
 0  0 449800  60924   4620  71564    0    0     0   196  550 1380  1  1 93  6
 0  0 449800  60924   4620  71572    0    0     0     0  531 1363  1  1 99  0
 0  0 449800  60924   4620  71580    0    0     0     0  554 1376  1  1 98  0
 0  0 449800  60800   4620  71580    0    0     0     0  538 1357  1  1 98  0
 0  0 449800  60800   4620  71588    0    0     0     0  507 1364  1  1 98  0
 0  0 449800  60800   4620  71588    0    0     0     0  525 1348  1  1 98  0
 0  0 449800  60800   4628  71588    0    0     0    68  526 1387  1  0 99  0
 0  0 449800  60800   4628  71596    0    0     0     0  512 1313  1  1 98  0
 0  0 449800  60792   4628  71604    0    0     0     0  485 1344  1  1 99  0
 0  0 449800  60792   4628  71612    0    0     0     0  493 1327  1  0 99  0
 0  0 449800  60792   4628  71620    0    0     0     8  530 1380  1  1 98  0
 0  0 449800  60792   4636  71620    0    0     0    96  533 1378  1  0 92  7
 0  0 449800  60792   4636  71628    0    0     0     0  519 1347  1  1 99  0
 0  0 449800  60792   4636  71636    0    0     0     0  515 1358  1  1 98  0
 0  0 449800  60792   4636  71636    0    0     0     0  495 1349  1  1 99  0
 0  0 449800  60792   4636  71644    0    0     0    64  515 1361  1  1 98  0
 0  0 449800  60792   4644  71636    0    0     0    76  500 1348  0  1 99  0
 0  0 449800  60792   4644  71652    0    0     0     0  503 1361  1  1 98  0
 0  0 449800  60668   4644  71780    0    0     0     0  512 1368  1  1 98  0
 1  0 449800  60668   4644  71788    0    0     0     0  516 1338  1  0 99  0
 0  0 449800  60668   4644  71796    0    0     0    28  482 1305  0  1 99  0
 0  0 449800  60668   4652  71788    0    0     0    52  482 1320  1  1 98  0
 0  0 449800  60544   4652  71804    0    0     0     0  483 1327  1  1 99  0
 0  0 449796  60544   4652  71808    0    0     0     0  499 1349  1  1 98  0
 0  0 449796  60544   4652  71812    0    0     0     0  509 1371  0  1 99  0
 2  0 449796  60544   4652  71816    0    0     0     0  491 1354  1  1 98  0